71, 256
199, 256
199, 384
71, 384
26, 16
154, 16
154, 144
26, 144
112, 155
158, 155
158, 245
112, 245
13, 148
77, 148
77, 212
13, 212
157, 55
203, 55
203, 145
157, 145
7, 215
53, 215
53, 305
7, 305
4, 57
26, 57
26, 103
4, 103
164, 4
196, 4
196, 36
164, 36
49, 337
71, 337
71, 383
49, 383
79, 157
101, 157
101, 203
79, 203
254, 4
286, 4
286, 36
254, 36
74, 224
106, 224
106, 256
74, 256
242, 171
298, 171
298, 189
242, 189
199, 277
221, 277
221, 323
199, 323
172, 149
218, 149
218, 171
172, 171
242, 191
298, 191
298, 209
242, 209
199, 337
221, 337
221, 383
199, 383
197, 11
253, 11
253, 29
197, 29
274, 37
296, 37
296, 83
274, 83
242, 151
298, 151
298, 169
242, 169
